0 0.12101063829787234 0.15185185185185185 0.0398936170212766 0.06666666666666667
0 0.4587765957446808 0.22777777777777777 0.02925531914893617 0.05555555555555556
0 0.5704787234042553 0.2518518518518519 0.02925531914893617 0.05185185185185186
0 0.5691489361702128 0.33333333333333337 0.026595744680851064 0.05185185185185186
0 0.714095744680851 0.2888888888888889 0.023936170212765957 0.044444444444444446
0 0.8018617021276595 0.3074074074074074 0.023936170212765957 0.05185185185185186
0 0.7992021276595744 0.37592592592592594 0.023936170212765957 0.04814814814814815
0 0.913563829787234 0.3351851851851852 0.018617021276595744 0.040740740740740744
0 0.9800531914893617 0.34814814814814815 0.018617021276595744 0.037037037037037035
0 0.9787234042553191 0.40555555555555556 0.02127659574468085 0.040740740740740744
